    unsorted:	 362.5568968 362.5568968 362.5568968 362.5568968 362.5568968 362.5568968 362.5568968 362.5568968 362.5568968 362.5568968 362.5568968 362.5568968 189.2477281 189.3854644 189.4566742 189.7168947 189.7581131 188.6965559 188.0825036 187.7373467 187.4263091 186.9019204 186.7370320 186.5410927 191.3958758 184.4340952 181.2784486 180.5434066 195.5033495 200.2872698 174.0753991 171.7140881 213.5186393 161.6141808 220.6413175 228.9643465 148.7516873 238.5707837 141.6114896 135.2351666 254.9949413 258.5643355 265.2080499 120.5699959 290.9639839 103.4010211 319.6943331 358.9752280 85.13512864 70.20355521 401.6576510 414.5709383 418.9535440 49.37399029 491.3142585 509.0440742 516.6498856 547.3477169 589.2319555 599.6522378 618.4357406 642.3379098 651.9023164 682.5723722 708.8038232 738.0035032 801.5892900 851.4535024 908.7971857 915.5666952 943.3868209 1038.643340 1087.680896 1097.620678 1177.238240 1401.005876 1456.171587 1512.695264 1643.077144 1692.967610 1844.229546 1974.879095 2311.501041 2318.015204 2737.772661 2800.203567 3121.106940 3424.708494 3602.231688 3737.538770 4052.451040 4232.687228 4688.244548 5308.493560 5582.538087 6018.626911 6559.038925 7057.460457 7788.736777 7989.546825 9250.398001 9709.527681 12265.07440 12876.13996 13566.14479 14742.28769 30951.97571 31969.42339 43913.43942 2187060.366
      sorted:	 49.37399029 70.20355521 85.13512864 103.4010211 120.5699959 135.2351666 141.6114896 148.7516873 161.6141808 171.7140881 174.0753991 180.5434066 181.2784486 184.4340952 186.5410927 186.7370320 186.9019204 187.4263091 187.7373467 188.0825036 188.6965559 189.2477281 189.3854644 189.4566742 189.7168947 189.7581131 191.3958758 195.5033495 200.2872698 213.5186393 220.6413175 228.9643465 238.5707837 254.9949413 258.5643355 265.2080499 290.9639839 319.6943331 358.9752280 362.5568968 362.5568968 362.5568968 362.5568968 362.5568968 362.5568968 362.5568968 362.5568968 362.5568968 362.5568968 362.5568968 362.5568968 401.6576510 414.5709383 418.9535440 491.3142585 509.0440742 516.6498856 547.3477169 589.2319555 599.6522378 618.4357406 642.3379098 651.9023164 682.5723722 708.8038232 738.0035032 801.5892900 851.4535024 908.7971857 915.5666952 943.3868209 1038.643340 1087.680896 1097.620678 1177.238240 1401.005876 1456.171587 1512.695264 1643.077144 1692.967610 1844.229546 1974.879095 2311.501041 2318.015204 2737.772661 2800.203567 3121.106940 3424.708494 3602.231688 3737.538770 4052.451040 4232.687228 4688.244548 5308.493560 5582.538087 6018.626911 6559.038925 7057.460457 7788.736777 7989.546825 9250.398001 9709.527681 12265.07440 12876.13996 13566.14479 14742.28769 30951.97571 31969.42339 43913.43942 2187060.366
