    unsorted:	 362.5568968 362.5568968 362.5568968 362.5568968 362.5568968 362.5568968 362.5568968 362.5568968 362.5568968 362.5568968 362.5568968 362.5568968 188.7111484 188.5063803 188.8097252 189.0438510 189.1349629 188.0006355 187.8976418 187.3426261 186.6892361 186.4982427 186.2484715 186.0879533 185.7898950 191.0842685 181.2784486 180.3955810 195.3015006 175.7830751 200.7207303 172.0033428 213.8562895 161.9228194 221.6365732 229.8898305 239.9690941 149.0477258 255.6716105 258.4265543 266.5335000 135.6402331 292.1657098 121.1793511 320.8496923 360.1695515 364.3766965 104.4187073 86.15903656 75.80384673 400.7732048 415.7756591 421.2829915 64.78107974 49.81255631 492.6578914 510.2087511 518.7974445 533.5888127 548.1953000 589.5352409 600.8941027 620.2188477 643.1922459 655.1131582 690.1580307 733.6818406 762.1718000 803.4387128 851.4066301 909.1870508 916.4907696 940.5246794 1039.156367 1086.098260 1099.256404 1177.704268 1399.817100 1456.603016 1514.100109 1694.581980 1657.901123 1843.750540 1972.725068 2310.542541 2294.008140 2517.528274 2796.865511 2932.362458 3130.156671 3470.808767 3655.213347 3768.626162 4055.905822 4176.581688 4734.840943 5310.536029 5593.537104 6019.971760 6589.909148 7670.333830 7913.473901 9136.846721 11210.47740 12848.51148 14709.25400 15029.42640 30952.62377 44208.27081 2145201.669
      sorted:	 49.81255631 64.78107974 75.80384673 86.15903656 104.4187073 121.1793511 135.6402331 149.0477258 161.9228194 172.0033428 175.7830751 180.3955810 181.2784486 185.7898950 186.0879533 186.2484715 186.4982427 186.6892361 187.3426261 187.8976418 188.0006355 188.5063803 188.7111484 188.8097252 189.0438510 189.1349629 191.0842685 195.3015006 200.7207303 213.8562895 221.6365732 229.8898305 239.9690941 255.6716105 258.4265543 266.5335000 292.1657098 320.8496923 360.1695515 362.5568968 362.5568968 362.5568968 362.5568968 362.5568968 362.5568968 362.5568968 362.5568968 362.5568968 362.5568968 362.5568968 362.5568968 364.3766965 400.7732048 415.7756591 421.2829915 492.6578914 510.2087511 518.7974445 533.5888127 548.1953000 589.5352409 600.8941027 620.2188477 643.1922459 655.1131582 690.1580307 733.6818406 762.1718000 803.4387128 851.4066301 909.1870508 916.4907696 940.5246794 1039.156367 1086.098260 1099.256404 1177.704268 1399.817100 1456.603016 1514.100109 1657.901123 1694.581980 1843.750540 1972.725068 2294.008140 2310.542541 2517.528274 2796.865511 2932.362458 3130.156671 3470.808767 3655.213347 3768.626162 4055.905822 4176.581688 4734.840943 5310.536029 5593.537104 6019.971760 6589.909148 7670.333830 7913.473901 9136.846721 11210.47740 12848.51148 14709.25400 15029.42640 30952.62377 44208.27081 2145201.669
